#         t          x          y          z         vx         vy         vz
      0.000    -99.050   -119.630   -127.890    -26.860    174.690     90.660
      0.100   -101.366   -101.752   -118.368    -19.462    182.862     99.786
      0.200   -102.848    -83.046   -107.873    -10.184    191.258    110.109
      0.300   -103.278    -63.502    -96.276      1.595    199.633    121.835
      0.400   -102.362    -43.146    -83.427     16.730    207.482    135.140
      0.500    -99.708    -22.082    -69.167     36.336    213.811    150.058
      0.600    -94.808     -0.553    -53.356     61.665    216.758    166.173
      0.700    -87.052     20.944    -35.946     93.450    213.194    182.016
      0.800    -75.872     41.560    -17.130    130.160    199.111    194.306
      0.900    -61.068     60.142      2.512    165.929    172.546    198.531
      1.000    -43.146     75.666     22.032    192.501    137.918    191.879
      1.100    -23.191     87.722     40.540    206.594    103.206    178.281
      1.200     -2.325     96.548     57.562    210.732     73.325    162.159
      1.300     18.650    102.681     72.985    208.765     49.325    146.286
      1.400     39.266    106.670     86.888    203.549     30.467    131.784
      1.500     59.282    108.976     99.423    196.777     15.648    118.907
      1.600     78.589    109.953    110.746    189.375      3.895    107.570
      1.700     97.150    109.871    121.004    181.831     -5.541     97.579
      1.800    114.961    108.933    130.319    174.394    -13.213     88.734
      1.900    132.040    107.297    138.799    167.186    -19.523     80.854
      2.000    148.412    105.082    146.531    160.260    -24.768     73.785
      2.100    164.107    102.385    153.590    153.634    -29.167     67.403
      2.200    179.154     99.283    160.040    147.304    -32.886     61.603
      2.300    193.582     95.836    165.936    141.258    -36.050     56.302
      2.400    207.419     92.095    171.322    135.480    -38.758     51.431
      2.500    220.690     88.103    176.240    129.951    -41.086     46.931
      2.600    233.420     83.894    180.725    124.651    -43.093     42.756
      2.700    245.631     79.498    184.806    119.564    -44.828     38.865
      2.800    257.343     74.940    188.510    114.671    -46.331     35.226
      2.900    268.574     70.242    191.862    109.957    -47.632     31.809
      3.000    279.343     65.423    194.882    105.408    -48.758     28.592
      3.100    289.663     60.498    197.589    101.010    -49.732     25.552
      3.200    299.551     55.483    200.001     96.750    -50.570     22.672
      3.300    309.020     50.390    202.131     92.619    -51.289     19.937
      3.400    318.081     45.231    203.994     88.605    -51.901     17.332
      3.500    326.746     40.015    205.603     84.699    -52.417     14.847
      3.600    335.026     34.752    206.969     80.894    -52.847     12.470
      3.700    342.930     29.449    208.102     77.181    -53.199     10.193
      3.800    350.466     24.115    209.012     73.553    -53.479      8.006
      3.900    357.644     18.757    209.708     70.004    -53.694      5.904
      4.000    364.471     13.380    210.197     66.527    -53.848      3.879
      4.100    370.953      7.990    210.487     63.118    -53.948      1.925
      4.200    377.097      2.593    210.585     59.770    -53.995      0.037
      4.300    382.910     -2.807    210.498     56.480    -53.994     -1.789
      4.400    388.396     -8.204    210.230     53.242    -53.948     -3.559
      4.500    393.561    -13.594    209.789     50.052    -53.859     -5.275
      4.600    398.409    -18.973    209.178     46.907    -53.730     -6.942
      4.700    402.944    -24.338    208.403     43.803    -53.562     -8.562
      4.800    407.171    -29.684    207.467     40.736    -53.357    -10.139
      4.900    411.093    -35.008    206.377     37.704    -53.117    -11.676
      5.000    414.713    -40.306    205.134     34.702    -52.844    -13.174
      5.100    418.035    -45.575    203.744     31.728    -52.537    -14.637
      5.200    421.060    -50.812    202.209     28.779    -52.198    -16.066
      5.300    423.792    -56.013    200.532     25.853    -51.828    -17.464
      5.400    426.232    -61.176    198.717     22.946    -51.428    -18.831
      5.500    428.382    -66.297    196.767     20.057    -50.997    -20.171
      5.600    430.244    -71.373    194.684     17.182    -50.536    -21.484
      5.700    431.819    -76.403    192.472     14.320    -50.045    -22.772
      5.800    433.108    -81.381    190.131     11.467    -49.525    -24.036
      5.900    434.113    -86.306    187.665      8.622    -48.974    -25.278
      6.000    434.833    -91.174    185.077      5.782    -48.394    -26.499
      6.100    435.270    -95.983    182.367      2.946    -47.784    -27.699
      6.200    435.422   -100.730    179.538      0.110    -47.144    -28.880
      6.300    435.291   -105.411    176.592     -2.727    -46.472    -30.043
      6.400    434.877   -110.023    173.530     -5.568    -45.769    -31.188
      6.500    434.178   -114.563    170.355     -8.415    -45.033    -32.317
      6.600    433.193   -119.027    167.068    -11.270    -44.264    -33.430
      6.700    431.923   -123.414    163.670    -14.135    -43.461    -34.528
      6.800    430.366   -127.718    160.163    -17.014    -42.623    -35.612
      6.900    428.520   -131.936    156.548    -19.908    -41.748    -36.681
      7.000    426.383   -136.066    152.827    -22.819    -40.835    -37.737
      7.100    423.955   -140.101    149.001    -25.751    -39.883    -38.781
      7.200    421.232   -144.040    145.072    -28.707    -38.889    -39.811
      7.300    418.212   -147.877    141.040    -31.688    -37.853    -40.830
      7.400    414.893   -151.608    136.906    -34.697    -36.771    -41.837
      7.500    411.271   -155.229    132.673    -37.739    -35.641    -42.832
      7.600    407.343   -158.734    128.340    -40.815    -34.461    -43.816
      7.700    403.106   -162.119    123.910    -43.929    -33.228    -44.788
      7.800    398.555   -165.377    119.383    -47.086    -31.939    -45.749
      7.900    393.687   -168.503    114.761    -50.287    -30.590    -46.698
      8.000    388.495   -171.492    110.044    -53.539    -29.176    -47.636
      8.100    382.976   -174.335    105.234    -56.843    -27.695    -48.561
      8.200    377.124   -177.027    100.333    -60.206    -26.140    -49.474
      8.300    370.932   -179.559     95.340    -63.633    -24.507    -50.374
      8.400    364.394   -181.924     90.259    -67.127    -22.789    -51.259
      8.500    357.503   -184.113     85.089    -70.696    -20.980    -52.130
      8.600    350.251   -186.115     79.834    -74.345    -19.071    -52.984
      8.700    342.629   -187.921     74.493    -78.081    -17.054    -53.820
      8.800    334.630   -189.520     69.071    -81.910    -14.920    -54.636
      8.900    326.242   -190.899     63.567    -85.842    -12.656    -55.430
      9.000    317.456   -192.044     57.986    -89.885    -10.251    -56.199
      9.100    308.259   -192.941     52.329    -94.048     -7.690    -56.938
      9.200    298.640   -193.574     46.600    -98.342     -4.955    -57.643
      9.300    288.584   -193.923     40.802   -102.779     -2.028    -58.310
      9.400    278.076   -193.968     34.940   -107.370      1.115    -58.930
      9.500    267.101   -193.688     29.019   -112.130      4.500    -59.495
      9.600    255.641   -193.055     23.045   -117.075      8.158    -59.996
      9.700    243.676   -192.040     17.024   -122.221     12.127    -60.417
      9.800    231.186   -190.612     10.966   -127.588     16.451    -60.743
      9.900    218.147   -188.730      4.881   -133.194     21.184    -60.951
     10.000    204.534   -186.351     -1.217   -139.061     26.391    -61.012
     10.100    190.320   -183.424     -7.311   -145.212     32.151    -60.866
